threshold=0.3
learningRate=0.9
minWeight=0.0000000000000000000001
maxWeight=0.0000000001
enableBias=1
bias=1.0
separator=\t